0000000010101001
0000000010000101
0000000001011011
0000000010110110
0000000010001001
0000000010101111
0000000010011000
0000000010110001
0000000001111000
0000000001011111
0000000000110011
0000000001000001
0000000000111011
1111111111111000
1111111111011100
0000000000000100
0000000000010001
1111111110110001
1111111111101001
0000000000010101
1111111111110010
1111111110111001
0000000000011110
1111111111111000
0000000000100011
0000000000001100
1111111111011110
0000000000111000
0000000000011010
0000000001001100
1111111111011011
0000000000010011
1111111111011100
1111111111111101
1111111111101010
0000000000100010
1111111111111010
0000000000110001
0000000000000111
1111111110111011
1111111111010000
1111111110111110
1111111101100010
1111111100101101
1111111101100000
1111111101011000
1111111101111010
1111111110000110
1111111101110010
1111111110001101
1111111110001000
1111111111010000
1111111111000111
1111111111010011
1111111111100011
0000000000011001
0000000000101100
0000000001101000
0000000001001000
0000000010101010
0000000010011111
0000000010010010
0000000011011000
0000000010010110
0000000011110111
0000000011010011
0000000011101100
0000000011100101
0000000010010001
0000000010000100
0000000001110111
0000000010101011
0000000001101000
0000000001001101
1111111111101100
1111111111110001
1111111111001100
1111111101111010
1111111101111111
1111111110001110
1111111100001011
1111111011111101
1111111100110111
1111111100010011
1111111011111010
1111111100000011
1111111100110011
1111111011011001
1111111100101010
1111111110001111
1111111110011110
1111111110110111
1111111110110000
1111111110101111
1111111111001011
0000000000101011
1111111111110101
0000000001011110
0000000001100011
0000000001110100
